11830	kickass	1	2.82891	-0.469006
11831	thank god	1	1.16178	-0.719998
11832	boring	1	-2.75553	-2.6624
11833	slow	1	-1.9684	-1.94131
11834	good times	1	2.45	0.193125
11835	good thing	1	2.58844	0.206027
11836	douche	1	-1.76985	0.440354
11837	entertaining	1	2.48381	0.908996
11838	sick	1	1.63921	0.965346
11839	annoying	1	-2.69825	-0.163967
11840	too bad	1	-1.47491	0.219575
11841	corny	1	-2.20034	-0.598787
11842	cant believe	1	-0.113108	0.967021
11843	excellent	1	2.88621	-0.419425
11844	horrible	1	-3.62508	-0.260789
11845	my shit	1	2.24444	0.729611
11846	mad	1	-1.18515	1.4789
11847	interesting	1	1.99724	1.62075
11848	ridiculous	1	0.256263	0.584684
11849	phenomenal	1	3.1142	-0.202341
11850	enjoy	1	2.68698	0.488458
11851	amazing	1	3.20867	0.384929
11852	hardest	1	0.0929254	-0.543356
11853	have a crush	1	1.72338	-1.57006
11854	best ever	1	2.94415	0.146513
11855	not sure	1	-1.10688	-0.624863
11856	rocked	1	2.68836	0.219638
11857	stupid	1	-2.83623	0.0680174
11858	tragedy	1	-2.4346	0.0722255
11859	cant stand	1	-3.25225	-0.161522
11860	best show	1	2.60262	0.51417
11861	creepy	1	-1.57957	0.0544648
11862	up to the hype	1	2.35636	1.12159
11863	tough	1	-0.16443	0.188803
11864	real shit	1	1.77355	-0.345587
11865	cant get enough	1	2.49375	0.977233
11866	the shit	1	2.18866	1.0161
11867	freak out	1	-0.24825	0.429229
11868	laughing	1	1.72348	0.581817
11869	attractive	1	1.89811	-1.07246
11870	well done	1	2.7763	-0.393477
11871	crap	1	-3.01582	-0.262628
11872	disappoint	1	-3.16676	-0.684946
11873	i appreciate	1	1.98954	-0.273553
11874	funniest	1	1.95395	0.292549
11875	funny	1	1.997	0.623669
11876	great job	1	2.68183	0.470223
11877	piss me off	1	-2.96146	-0.198759
11878	great	1	2.95321	-0.0186052
11879	fabulous	1	2.76599	0.268828
11880	teary eyed	1	0.328683	0.373152
11881	impressed	1	2.41057	-0.338488
11882	asshole	1	-1.96646	0.241791
11883	big fan	1	2.67033	0.758252
11884	freak	1	0.0212295	-0.134436
11885	depressing	1	-2.2422	-0.929423
11886	worth it	1	2.31311	-0.244914
11887	love him	1	2.35337	-0.83104
11888	sexy	1	1.51091	-0.288769
11889	awesome	1	3.15435	-0.0708024
11890	idiot	1	-1.75471	-0.198438
11891	addict	1	1.88543	0.491334
11892	wonderful	1	3.21413	0.00266404
11893	loving	1	2.68387	0.800487
11894	bad	1	-3.34776	0.259489
11895	enough said	1	0.849392	-0.525321
11896	weird	1	-1.48502	0.468757
11897	pumped	1	2.10463	0.667042
11898	bored	1	-2.21618	-3.79225
11899	cute	1	1.7207	-1.06051
11900	inspiring	1	2.30307	0.803571
11901	unbelievable	1	0.892822	2.68152
11902	make me sad	1	-2.01242	0.0180951
11903	favorite show	1	2.73471	-0.314347
11904	dope	1	2.62148	-0.797759
11905	beautiful	1	2.32932	-1.13463
11906	well written	1	2.51723	0.288334
11907	fantastic	1	2.93476	1.19858
11908	could care less	1	-2.22464	-1.857
11909	worried	1	-1.38409	-0.168008
11910	giddy	1	1.58749	0.375446
11911	stunning	1	2.21177	-0.0815936
11912	love	1	3.01268	-0.0852023
11913	unrealistic	1	-1.88361	-0.0394566
11914	torture	1	-3.25671	-0.709129
11915	sucked	1	-3.4662	-1.54834
11916	strong	1	1.17222	0.103514
11917	love her	1	2.0669	-0.407793
11918	i like	1	2.65604	-0.110962
11919	hate it	1	-3.58893	-0.764919
11920	come on man	1	-1.86649	-0.445719
11921	awful	1	-3.54748	-0.0357736
11922	real	1	1.38518	-0.326293
11923	gorgeous	1	1.60036	-1.11189
11924	crazy	1	0.661803	0.780493
11925	worst	1	-3.45893	0.565455
11926	important	1	1.07097	0.219758
11927	smash	1	2.06633	0.272244
11928	worse	1	-2.64298	-0.176962
11929	obsess	1	1.99504	1.174
11930	cant wait	1	1.89702	0.75921
11931	wrong	1	-2.04304	0.0396575
11932	smh	1	-2.45334	-0.0312245
11933	proud	1	1.7254	0.0660136
11934	smart	1	1.56847	0.222995
11935	embarrassing	1	-1.51623	-0.495473
11936	overrated	1	-2.78455	-0.949294
11937	just gold	1	2.58441	0.576197
11938	intelligent	1	1.94612	-0.417582
11939	nice	1	2.50565	-0.932656
11940	rage	1	-0.656374	2.58881
11941	lovely	1	2.63095	-0.0679075
11942	tough to see	1	-1.77507	-0.360084
11943	cool	1	2.39058	-0.435185
11944	that good	1	2.65035	0.960622
11945	favorite	1	2.68885	0.243354
11946	feel bad	1	-1.67293	-0.76276
11947	afraid	1	-1.3916	0.183566
11948	terrible	1	-3.70859	-1.99817
11949	hot	1	1.65949	-0.568666
11950	brilliant	1	2.82213	0.184518
11951	ugly	1	-2.07363	0.491898
11952	offensive	1	-2.77918	0.887744
11953	whore	1	-0.834679	0.136134
11954	is official	1	1.67844	0.312776
11955	difficult	1	-1.58435	0.103959
11956	happy	1	2.48012	-0.73345
11957	best	1	3.08676	0.126545
11958	show off	1	-0.124794	-0.361487
11959	lucky	1	0.2391	-0.298174
11960	impressive	1	2.41066	0.237919
11961	wtf	1	-2.44648	0.366866
11962	love them	1	2.58501	-0.451825
11963	so good	1	2.99888	0.529449
11964	who care	1	-1.9021	-1.76477
11965	good	1	2.91547	0.827743
11966	love the show	1	2.75609	0.549333
11967	pissed	1	-2.52852	0.422811
11968	cant stop	1	1.90226	1.02286
11969	love it	1	2.98021	0.275847
11970	fun	1	2.4918	0.975331
11971	liking	1	2.57787	0.555561
11972	badass	1	2.15312	0.371489
11973	sweet	1	2.21522	-0.027702
11974	adorable	1	2.0638	-1.2935
11975	killer	1	2.34454	0.586924
11976	not good	1	-3.08806	-1.8614
11977	speechless	1	1.01163	-0.329421
11978	so sad	1	-2.0503	-0.327766
11979	dumb	1	-2.70149	-0.201808
11980	outstanding	1	3.02868	-0.241546
11981	in awe	1	1.70347	0.696003
11982	crack me up	1	1.94461	1.10525
11983	lame	1	-3.2261	-0.664198
11984	look forward	1	2.13128	0.0576581
11985	bull shit	1	-2.78968	0.637161
11986	success	1	2.10856	0.438433
11987	shocking	1	0.32293	1.4141
11988	sad	1	-1.9009	-0.771177
11989	angry	1	-2.47112	0.699789
11990	better than I expected	1	2.25243	-0.286249
11991	not too bad	1	1.62391	0.091651
11992	brutal	1	-2.79793	-0.446304
11993	glad	1	2.03106	-1.07106
11994	jealous	1	-0.0562835	-0.113164
11995	awkward	1	-1.55642	-1.62079
11996	how awesome	1	2.46481	0.125501
11997	solid	1	2.29046	-0.178271
11998	mindblown	1	1.77367	0.88014
11999	nicest	1	2.49163	-1.37929
12000	retarded	1	-2.26014	0.467224
12001	lmfao	1	1.31059	0.408914
12002	disgusting	1	-3.25349	0.766997
12003	dislike	1	-3.45412	-0.599162
12004	cried	1	-0.306489	-0.6556
12005	evil	1	-2.28747	0.0431576
12006	shitty	1	-3.14798	-1.99406
12007	underrated	1	1.99659	0.565055
12008	shame	1	-2.25341	0.59149
12009	pain	1	-2.05527	-0.43888
12010	fml	1	-2.18257	0.183411
12011	epic	1	2.59782	0.76745
12012	guilty pleasures	1	1.42022	0.123182
12013	upset	1	-2.60133	0.770128
12014	fake	1	-2.29054	0.636128
12015	never disappoint	1	2.36706	0.0961481
12016	props	1	2.04343	0.205235
12017	excited	1	2.10266	0.918794
12018	stoked	1	1.87826	-0.32874
12019	trippy	1	0.0119696	0.4604
12020	hate	1	-3.58597	-0.229492
12021	shocked	1	0.128838	1.23144
12022	so sweet	1	2.31392	-0.753756
12023	priceless	1	1.85255	-0.216887
12024	terrific	1	3.14149	-0.185094
12025	genius	1	2.18364	0.328076
12026	nervous	1	-1.04123	-0.132824
12027	cheers	1	1.79709	-1.11905
12028	best part	1	2.65749	0.156669
12029	hooked	1	2.3575	1.02679
12030	bomb	1	1.88002	-0.352881
12031	one of the best	1	2.72818	0.507304
12032	dont like	1	-3.33028	-0.742895
12033	ruining	1	-2.826	-0.247248
12034	hilarious	1	2.1337	-0.0466703
12035	the coolest	1	2.56568	-0.0640344
12036	legit	1	2.13727	-0.344391
12037	fucked up	1	-3.01875	1.12065
12038	dick	1	-1.4602	0.323349
12039	dig	1	2.74817	-0.17481
12040	perfect	1	2.70838	-0.0442382
12041	incredible	1	3.04332	0.467475
12042	greatest	1	2.98991	0.543007
12043	painful	1	-2.56136	0.0349399
12044	nerdgasm	1	1.78194	-0.12946
12045	hyped	1	0.865487	-0.0101975
12046	mental	1	0.000818357	0.0986561
12047	not cute	0	-2.07363	0.491898
12048	bravo	0	2.88621	-0.419425
12049	ironic	0	-1.48502	0.468757
12050	wasnt that bad	0	2.25243	-0.286249
12051	is my dog	0	2.24444	0.729611
12052	i respect	0	2.68698	0.488458
12053	troubled	0	-1.55642	-1.62079
12054	best weekend ever	0	2.94415	0.146513
12055	is this real life	0	-0.113108	0.967021
12056	nail it	0	2.70838	-0.0442382
12057	pile of shit	0	-2.96146	-0.198759
12058	rewarding	0	2.95321	-0.0186052
12059	break my heart	0	-2.01242	0.0180951
12060	justshatmypant	0	-1.3916	0.183566
12061	over reacting	0	-2.04304	0.0396575
12062	love everyone	0	2.58501	-0.451825
12063	exceptional	0	2.95321	-0.0186052
12064	oh snap	0	0.661803	0.780493
12065	overjoyed	0	1.87826	-0.32874
12066	shite	0	-3.34776	0.259489
12067	off the chain	0	3.20867	0.384929
12068	sexy as hell	0	1.51091	-0.288769
12069	regretting	0	-2.60133	0.770128
12070	good company	0	2.91547	0.827743
12071	irritating	0	-2.69825	-0.163967
12072	no damn idea why	0	-1.10688	-0.624863
12073	fuck wit	0	2.65604	-0.110962
12074	dont love it	0	1.62391	0.091651
12075	suprisingly good show	0	1.99659	0.565055
12076	stupid bitch	0	-2.83623	0.0680174
12077	great series	0	2.24444	0.729611
12078	so much drama	0	2.21177	-0.0815936
12079	hell yes	0	2.88621	-0.419425
12080	fascinate	0	2.93476	1.19858
12081	danggggg	0	0.661803	0.780493
12082	overhyped	0	-2.78455	-0.949294
12083	dreading	0	-1.04123	-0.132824
12084	cant get over it	0	2.21177	-0.0815936
12085	more please	0	2.49375	0.977233
12086	ruthless	0	-2.28747	0.0431576
12087	magnificent	0	0.892822	2.68152
12088	meh	0	-3.08806	-1.8614
12089	promising	0	2.13128	0.0576581
12090	intrigued	0	1.99724	1.62075
12091	lose faith	0	-3.62508	-0.260789
12092	tremendous	0	2.88621	-0.419425
12093	mind boggling	0	1.70347	0.696003
12094	rad	0	2.39058	-0.435185
12095	worth watching	0	1.98954	-0.273553
12096	there will be tears	0	0.328683	0.373152
12097	holy shit	0	-2.44648	0.366866
12098	fuck this shit	0	-3.62508	-0.260789
12099	thought provoking	0	1.99724	1.62075
12100	saccharine	0	2.0638	-1.2935
12101	mad props	0	2.04343	0.205235
12102	oh lordy	0	-0.113108	0.967021
12103	aplus	0	3.15435	-0.0708024
12104	surreal	0	-1.48502	0.468757
12105	whiny bitch	0	-3.16676	-0.684946
12106	offended	0	-1.67293	-0.76276
12107	take a toll on	0	-0.16443	0.188803
12108	feel so lucky	0	0.2391	-0.298174
12109	want to hug	0	2.98021	0.275847
12110	would be pissed	0	-3.16676	-0.684946
12111	doesnt strike a chord	0	-3.33028	-0.742895
12112	finest	0	2.7763	-0.393477
12113	get on my nerve	0	-2.69825	-0.163967
12114	horrendous	0	-3.54748	-0.0357736
12115	dragged	0	-2.75553	-2.6624
12116	a mess	0	-1.75471	-0.198438
12117	lovable	0	2.65604	-0.110962
12118	may i please marry	0	3.01268	-0.0852023
12119	irritation	0	-2.69825	-0.163967
12120	do want	0	2.65604	-0.110962
12121	exhilarating	0	2.10266	0.918794
12122	fill the void	0	1.62391	0.091651
12123	outrageous	0	0.892822	2.68152
12124	cutie	0	2.32932	-1.13463
12125	pointless	0	-3.45893	0.565455
12126	must read	0	2.99888	0.529449
12127	dead beat	0	-1.75471	-0.198438
12128	grow on me	0	1.88543	0.491334
12129	hungry for more	0	2.49375	0.977233
12130	dafuck	0	-2.44648	0.366866
12131	devastated	0	0.128838	1.23144
12132	mufukas	0	-3.4662	-1.54834
12133	disgrace	0	-1.51623	-0.495473
12134	you have a winner	0	2.35636	1.12159
12135	fulfilled	0	2.03106	-1.07106
12136	disturbing	0	0.32293	1.4141
12137	gonna scream	0	-0.24825	0.429229
12138	pleasure	0	2.50565	-0.932656
12139	die without	0	2.49375	0.977233
12140	strongly deserves	0	2.7763	-0.393477
12141	preposterous	0	-0.113108	0.967021
12142	contently	0	2.68698	0.488458
12143	gonna go die	0	-3.58893	-0.764919
12144	fucking hell	0	-2.44648	0.366866
12145	geeky	0	1.78194	-0.12946
12146	riveting	0	2.10266	0.918794
12147	not blown away	0	2.91547	0.827743
12148	is a shit	0	-3.08806	-1.8614
12149	way to go	0	2.7763	-0.393477
12150	totally rock	0	2.29046	-0.178271
12151	nonsense	0	-1.86649	-0.445719
12152	too short	0	1.89702	0.75921
12153	what the efff	0	-2.44648	0.366866
12154	teary	0	0.328683	0.373152
12155	shucks	0	-0.16443	0.188803
12156	made me a fan	0	0.849392	-0.525321
12157	anxious	0	-1.04123	-0.132824
12158	sad but happy	0	2.46481	0.125501
12159	frustrating	0	-2.69825	-0.163967
12160	slacked	0	-1.9684	-1.94131
12161	cant live without	0	2.99888	0.529449
12162	is fresh	0	2.13727	-0.344391
12163	glorious	0	2.76599	0.268828
12164	gutted	0	-3.08806	-1.8614
12165	outraged	0	-1.18515	1.4789
12166	not impressed	0	-3.08806	-1.8614
12167	fixation	0	1.99504	1.174
12168	not excited	0	-2.60133	0.770128
12169	is wack	0	-3.08806	-1.8614
12170	on edge	0	-1.04123	-0.132824
12171	tolerable	0	1.62391	0.091651
12172	hysterical	0	2.1337	-0.0466703
12173	absurd	0	0.256263	0.584684
12174	we all lose	0	-2.4346	0.0722255
12175	jaw dropped	0	1.01163	-0.329421
12176	real treat	0	2.10856	0.438433
12177	wasnt worth it	0	-2.78455	-0.949294
12178	goosebump	0	-1.3916	0.183566
12179	not sold	0	-1.10688	-0.624863
12180	is a joke	0	-2.64298	-0.176962
12181	useless	0	-2.70149	-0.201808
12182	best episode ever	0	3.08676	0.126545
12183	tempting	0	1.99724	1.62075
12184	has me crying	0	2.1337	-0.0466703
12185	moron	0	-1.75471	-0.198438
12186	sappy	0	-2.20034	-0.598787
12187	not fair	0	-3.45412	-0.599162
12188	immersive	0	2.91547	0.827743
12189	motivational	0	1.87826	-0.32874
12190	heart race	0	2.10266	0.918794
12191	gangsta	0	2.62148	-0.797759
12192	not welcome	0	-1.18515	1.4789
12193	wasnt a fan	0	-2.22464	-1.857
12194	travesty	0	-2.4346	0.0722255
12195	tear to my eye	0	-2.0503	-0.327766
12196	killing it	0	2.18866	1.0161
12197	heart broken	0	-2.0503	-0.327766
12198	too much awesome	0	2.68836	0.219638
12199	nostalgic	0	2.03106	-1.07106
12200	laughing so hard	0	2.1337	-0.0466703
12201	cunt	0	-1.96646	0.241791
12202	better and better	0	2.49375	0.977233
12203	idontwantittoend	0	1.90226	1.02286
12204	worst day ever	0	0.256263	0.584684
12205	dug	0	2.74817	-0.17481
12206	dud	0	-2.75553	-2.6624
12207	isnt particularly popular	0	-3.34776	0.259489
12208	is this normal	0	-0.113108	0.967021
12209	so fresh	0	2.39058	-0.435185
12210	dont care anymore	0	-2.22464	-1.857
12211	so far so good	0	2.25243	-0.286249
12212	is sad	0	-1.9009	-0.771177
12213	keep them coming	0	2.49375	0.977233
12214	nerding out	0	1.78194	-0.12946
12215	is gold	0	2.88621	-0.419425
12216	best decision ever	0	2.93476	1.19858
12217	stirring	0	2.48381	0.908996
12218	devastating	0	2.21177	-0.0815936
12219	mixed feeling	0	-1.10688	-0.624863
12220	dull	0	-2.75553	-2.6624
12221	underwhelmed	0	-2.78455	-0.949294
12222	good shit	0	2.58844	0.206027
12223	disdain	0	-3.45412	-0.599162
12224	sold on	0	2.67033	0.758252
12225	wishful thinking	0	0.2391	-0.298174
12226	unsatisfied	0	-3.16676	-0.684946
12227	predictable	0	1.62391	0.091651
12228	gripping stuff	0	2.10266	0.918794
12229	on the fence	0	-1.10688	-0.624863
12230	finger crossed	0	-1.04123	-0.132824
12231	such a G	0	2.62148	-0.797759
12232	not happy	0	-1.9009	-0.771177
12233	such a joke	0	-3.34776	0.259489
12234	i would marry	0	2.58501	-0.451825
12235	doesnt have a clue	0	-2.83623	0.0680174
12236	show suck	0	-3.4662	-1.54834
12237	best written	0	2.51723	0.288334
12238	couldnt stop looking at	0	1.90226	1.02286
12239	couldnt believe	0	1.01163	-0.329421
12240	going to miss	0	2.67033	0.758252
12241	uncomfortable	0	-2.56136	0.0349399
12242	far from reality	0	-1.88361	-0.0394566
12243	flawed	0	-3.08806	-1.8614
12244	despise	0	-3.58597	-0.229492
12245	effing unreal	0	0.892822	2.68152
12246	scare me	0	-1.3916	0.183566
12247	feelin smart	0	1.94612	-0.417582
12248	crazy good	0	3.20867	0.384929
12249	made my night	0	2.68183	0.470223
12250	is class	0	2.91547	0.827743
12251	exquisite	0	2.32932	-1.13463
12252	about time	0	2.10463	0.667042
12253	stressful	0	-2.826	-0.247248
12254	snore	0	-2.75553	-2.6624
12255	already miss	0	1.88543	0.491334
12256	newfound respect	0	1.98954	-0.273553
12257	heart felt	0	2.31392	-0.753756
12258	rock my nerve	0	-3.54748	-0.0357736
12259	too slick	0	2.31392	-0.753756
12260	im smarter than that	0	1.94612	-0.417582
12261	craving	0	2.10266	0.918794
12262	slam dunk	0	3.08676	0.126545
12263	well delivered	0	2.7763	-0.393477
12264	that shit cray	0	0.661803	0.780493
12265	heavy heart	0	-1.38409	-0.168008
12266	always make me smile	0	2.48012	-0.73345
12267	does very well	0	2.68183	0.470223
12268	not amazing	0	-3.08806	-1.8614
12269	not worth it	0	-3.16676	-0.684946
12270	heckuva	0	3.1142	-0.202341
12271	want it so bad	0	2.10266	0.918794
12272	sinking feeling	0	-2.4346	0.0722255
12273	nowhere close	0	0.892822	2.68152
12274	your dead on me	0	-3.58597	-0.229492
12275	no better	0	-2.64298	-0.176962
12276	smart ass	0	-1.75471	-0.198438
12277	nobueno	0	-3.08806	-1.8614
12278	dont want to end	0	2.49375	0.977233
12279	believable	0	1.38518	-0.326293
12280	terrified	0	-1.3916	0.183566
12281	ruled	0	2.68836	0.219638
12282	isnt that great	0	-3.08806	-1.8614
12283	rubbish	0	-3.54748	-0.0357736
12284	forgettable	0	-3.08806	-1.8614
12285	ungrateful	0	1.99659	0.565055
12286	confuse	0	-1.10688	-0.624863
12287	heartbreaker	0	-2.0503	-0.327766
12288	psycho	0	0.661803	0.780493
12289	that's my show	0	2.24444	0.729611
12290	bummed out	0	-3.16676	-0.684946
12291	never gets old	0	2.49375	0.977233
12292	most hated	0	-3.58597	-0.229492
12293	a boss	0	2.18866	1.0161
12294	insane	0	0.661803	0.780493
12295	gross	0	-3.25349	0.766997
12296	intense	0	2.10463	0.667042
12297	miserable	0	-2.79793	-0.446304
12298	a must watch	0	2.93476	1.19858
12299	biggest surprise	0	0.128838	1.23144
12300	has me dying	0	2.1337	-0.0466703
12301	is a hit	0	2.91547	0.827743
12302	kills my boredom	0	2.48381	0.908996
